ISS (ZARYA)             
1 25544U 98067A   21114.62154826  .00001929  00000-0  43263-4 0  9996
2 25544  51.6432 247.6705 0002585 270.7825 202.4775 15.48929355280294
KESTREL EYE IIM (KE2M)  
1 42982U 98067NE  21114.71665579  .00064902  00000-0  21937-3 0  9996
2 42982  51.6263 115.7828 0000953  48.3421 311.7666 15.89334011200198
DELLINGR (RBLE)         
1 43021U 98067NJ  21114.88491185  .00155845  20993-4  34752-3 0  9992
2 43021  51.6240 108.6082 0003803  66.7400 293.4009 15.97511718196077
TEMPEST-D               
1 43547U 98067NV  21114.83170408  .00066229  12739-4  22725-3 0  9995
2 43547  51.6311 162.6678 0005797  33.1511 326.9857 15.89925921158432
AEROCUBE 12A            
1 43556U 18046C   21114.96446032  .00003956  00000-0  14005-3 0  9991
2 43556  51.6409  47.2042 0007450 336.6838  23.3805 15.31470533155084
AEROCUBE 12B            
1 43557U 18046D   21114.90858197  .00002767  00000-0  10324-3 0  9994
2 43557  51.6413  49.0517 0007588 335.6046  24.4575 15.30918919155001
LEMUR-2-VU              
1 43558U 18046E   21114.86887766  .00006816  00000-0  21890-3 0  9993
2 43558  51.6414  40.7447 0006846 343.7393  16.3368 15.33435550155158
LEMUR-2-ALEXANDER       
1 43559U 18046F   21114.86309907  .00007376  00000-0  23417-3 0  9999
2 43559  51.6414  39.9767 0006780 343.6008  16.4754 15.33675748154944
LEMUR-2-YUASA           
1 43560U 18046G   21114.83526481  .00004583  00000-0  15128-3 0  9993
2 43560  51.6416  41.2654 0007237 357.0802   3.0136 15.33376902155147
LEMUR-2-TOMHENDERSON    
1 43561U 18046H   21114.84091912  .00005428  00000-0  17865-3 0  9990
2 43561  51.6420  42.0378 0007491 353.4079   6.6803 15.33077451154699
1998-067PN              
1 43638U 98067PN  21114.62662387  .00051148  00000-0  28675-3 0  9993
2 43638  51.6305 164.3043 0002518  50.0306 310.0916 15.78772274145557
STARS-ME                
1 43640U 98067PQ  21114.81854226  .00123053  00000-0  41316-3 0  9994
2 43640  51.6259 151.1230 0004771  43.4762 316.6619 15.89206893145749
ISS DEB (SEDA-AP)       
1 43870U 98067PU  21114.61610690  .00007915  00000-0  96002-4 0  9993
2 43870  51.6359 202.7363 0003586 121.8450 238.2893 15.61657885133216
UNITE                   
1 44031U 98067PX  21114.12933598  .00038903  00000-0  26553-3 0  9998
2 44031  51.6362 185.1794 0001048  31.8099 328.2964 15.74426163127109
ISS DEB                 
1 44303U 98067QA  21114.81512989  .00010376  00000-0  13894-3 0  9991
2 44303  51.6386 222.2514 0005184  45.5959 314.5457 15.58620243108248
ISS DEB                 
1 44306U 98067QD  21114.92215626  .00012257  00000-0  15976-3 0  9997
2 44306  51.6373 221.3673 0006386  42.8930 317.2560 15.59136456108274
RAAVANA-1               
1 44329U 98067QE  21114.73661883  .00049760  00000-0  36715-3 0  9994
2 44329  51.6346 201.3388 0004309  50.8311 309.3070 15.72483283105694
UGUISU                  
1 44330U 98067QF  21114.65513215  .00048925  00000-0  36703-3 0  9991
2 44330  51.6317 202.2150 0004228  50.3891 309.7479 15.72098526105654
NEPALISAT-1             
1 44331U 98067QG  21114.60283073  .00049737  00000-0  36807-3 0  9990
2 44331  51.6327 201.8647 0004170  52.9268 307.2111 15.72413904105662
SPOOQY-1                
1 44332U 98067QH  21114.84835095  .00056974  00000-0  43187-3 0  9994
2 44332  51.6325 201.2904 0003752  46.5627 313.5682 15.71790298105659
RED-EYE 1 (PINOT)       
1 44364U 98067QJ  21114.77515971  .00011602  00000-0  15505-3 0  9991
2 44364  51.6389 223.4722 0006483  42.4096 317.7396 15.58530482103813
KRAKSAT                 
1 44427U 98067QM  21114.78918087  .00025008  00000-0  25363-3 0  9995
2 44427  51.6405 212.8825 0003967  25.3543  65.1589 15.65065423103060
VCC A                   
1 44428U 98067QN  21114.72857344  .00045860  00000-0  36506-3 0  9997
2 44428  51.6359 205.1155 0003559  18.4124 341.7002 15.70715636103163
ENTRYSAT                
1 44429U 98067QP  21114.83531329  .00083808  00000-0  49727-3 0  9995
2 44429  51.6319 197.4207 0004774  11.1788 348.9318 15.77293998103277
VCC C                   
1 44430U 98067QQ  21114.60033083  .00341000  57646-4  80735-3 0  9993
2 44430  51.6228 187.4660 0009457   1.5081 358.5954 15.96140236102215
VCC B                   
1 44431U 98067QR  21114.50857975  .00045488  00000-0  35618-3 0  9996
2 44431  51.6328 205.8155 0003719  18.4102 341.7029 15.71113609103076
ISS DEB                 
1 44788U 98067QT  21114.50802246  .00291233  42504-4  92125-3 0  9998
2 44788  51.6272 204.9677 0008976   1.9605 358.1435 15.90709275 82118
ISS DEB                 
1 44789U 98067QU  21114.73923660  .00200056  00000-0  89084-3 0  9992
2 44789  51.6304 208.0908 0007045   5.2132 354.8943 15.83155429 82086
RWASAT-1                
1 44790U 98067QV  21114.82974714  .00011633  00000-0  15478-3 0  9997
2 44790  51.6404 228.8609 0007476  92.3611 356.3866 15.58639777 81089
AQT-D                   
1 44791U 98067QW  21114.72225011  .00015639  00000-0  20491-3 0  9997
2 44791  51.6392 229.9085 0006071  60.6246 299.5352 15.58754180 81060
NARSSCUBE-1             
1 44792U 98067QX  21114.57552050  .00031643  00000-0  33484-3 0  9996
2 44792  51.6369 224.3386 0003671  64.1371 296.0002 15.63853759 81128
STPSAT-4                
1 45043U 98067QY  21114.81703673  .00009373  00000-0  15169-3 0  9997
2 45043  51.6402 240.9568 0005385  76.2948 283.8642 15.53560003 70162
HARP                    
1 45256U 98067QZ  21114.89245859  .00019899  00000-0  27015-3 0  9995
2 45256  51.6416 234.7683 0006482  67.3689 292.7989 15.57603327 66927
1998-067RA              
1 45257U 98067RA  21114.90195739  .00014690  00000-0  20877-3 0  9992
2 45257  51.6392 235.5381 0006913  71.2730 288.9011 15.56616836 66915
PHOENIX                 
1 45258U 98067RB  21114.80871102  .00012957  00000-0  19173-3 0  9998
2 45258  51.6395 237.1508 0005672  52.4186 307.7319 15.55646474 66859
1998-067RC              
1 45259U 98067RC  21114.75059872  .00024815  00000-0  30914-3 0  9997
2 45259  51.6391 233.0262 0005677  63.5185 296.6390 15.59749725 66936
CRYOCUBE                
1 45260U 98067RD  21114.82774636  .00035921  00000-0  42387-3 0  9996
2 45260  51.6381 232.0403 0005609  59.0890 301.0655 15.60969372 66963
AZTECHSAT-1             
1 45261U 98067RE  21114.74170069  .00034753  00000-0  38680-3 0  9991
2 45261  51.6369 229.9516 0005491  60.0515 300.1024 15.62501692 66975
RADSAT-U                
1 45262U 98067RF  21114.61028742  .00015472  00000-0  21709-3 0  9999
2 45262  51.6419 236.6341 0005503 103.4991 256.6614 15.56923970 66887
QARMAN                  
1 45263U 98067RG  21114.86489981  .00026232  00000-0  32814-3 0  9998
2 45263  51.6386 233.0352 0005766  60.3591 299.7976 15.59607209 66978
SORTIE                  
1 45264U 98067RH  21114.78704848  .00009462  00000-0  14944-3 0  9992
2 45264  51.6414 239.2897 0007309  76.5035 283.6770 15.54217015 66858
ICS-EF (ISS DEB)        
1 45265U 98067RJ  21114.71677418  .00004937  00000-0  88017-4 0  9993
2 45265  51.6409 243.2782 0005529  76.9990 283.1617 15.52033539 66475
PROGRESS-MS 14          
1 45595U 20026A   21114.11579102  .00002040  00000-0  45279-4 0  9990
2 45595  51.6443 250.1724 0002609 270.0731 261.1526 15.48927536280217
G-SAT                   
1 45597U 98067RK  21114.89431841  .00017933  00000-0  25319-3 0  9993
2 45597  51.6400 237.0002 0003583 128.3729 231.7585 15.56637337 56269
QUETZAL-1               
1 45598U 98067RL  21114.71827441  .00020522  00000-0  27536-3 0  9991
2 45598  51.6400 237.3223 0001092 160.9361 199.1672 15.57912321 56179
RED-EYE 2 (MERLOT)      
1 45800U 98067RM  21114.75817598  .00008137  00000-0  13624-3 0  9994
2 45800  51.6414 242.8298 0001409  92.5135 267.6016 15.52815482 48342
RED-EYE 3 (CABERNET)    
1 45809U 98067RN  21114.75853674  .00008228  00000-0  13767-3 0  9997
2 45809  51.6412 242.8322 0001578  81.3952 278.7216 15.52816575 47323
DEMI                    
1 45916U 98067RP  21114.81992093  .00022616  00000-0  31343-3 0  9999
2 45916  51.6408 238.7593 0002683  13.0724 347.0337 15.56974620 44374
CREW DRAGON 1           
1 46920U 20084A   21114.11579102  .00002040  00000-0  45279-4 0  9997
2 46920  51.6443 250.1724 0002609 270.0731 261.1526 15.48927536280210
SPOC                    
1 46921U 98067RR  21114.82334936  .00013307  00000-0  21332-3 0  9997
2 46921  51.6418 243.2799 0001839 244.6827 115.3973 15.53414214 26523
BOBCAT-1                
1 46922U 98067RS  21114.76049013  .00017089  00000-0  25949-3 0  9999
2 46922  51.6428 242.8719 0001720 258.1278 101.9521 15.54688889 26488
NEUTRON-1               
1 46923U 98067RT  21114.77028559  .00011829  00000-0  19132-3 0  9996
2 46923  51.6418 243.6734 0001809 260.5039  99.5747 15.53289278 26541
1998-067RU              
1 46924U 98067RU  21114.71093625  .00029982  00000-0  40949-3 0  9996
2 46924  51.6401 241.7744 0002650 303.2294  56.8444 15.57200912 26538
LEMUR-2-BAXTER-OLIVER   
1 46925U 98067RV  21114.80896401  .00043422  00000-0  57779-3 0  9994
2 46925  51.6426 240.9514 0002343 314.5500  45.5300 15.57719589 26515
LEMUR-2-DJARA           
1 46926U 98067RW  21114.83412049  .00035094  00000-0  47940-3 0  9995
2 46926  51.6425 241.1171 0001501 307.8274  52.2582 15.57116517 26536
DESCENT                 
1 46927U 98067RX  21114.90308142  .00012312  00000-0  19893-3 0  9996
2 46927  51.6418 243.0582 0002061 284.6977  75.3785 15.53274925 26478
PROGRESS-MS 16          
1 47618U 21011A   21114.11579102  .00002040  00000-0  45279-4 0  9993
2 47618  51.6443 250.1724 0002609 270.0731 261.1526 15.48927536280215
CYGNUS NG-15            
1 47689U 21013A   21114.11579102  .00002040  00000-0  45279-4 0  9993
2 47689  51.6443 250.1724 0002609 270.0731 261.1526 15.48927536280213
ISS DEB                 
1 47853U 98067RZ  21114.78687910  .00002091  00000-0  45635-4 0  9991
2 47853  51.6433 246.7690 0002300 251.6564 108.4174 15.49301883  6945
RSP-01                  
1 47925U 98067SB  21114.82823532  .00013756  00000-0  24374-3 0  9994
2 47925  51.6425 246.2971 0001936 199.2156 160.8760 15.50560347  6454
TAUSAT-1                
1 47926U 98067SC  21114.81997949  .00017262  00000-0  29918-3 0  9993
2 47926  51.6425 246.2426 0003107 201.4576 158.6284 15.50986473  6441
TSURU                   
1 47927U 98067SD  21114.82878252  .00012685  00000-0  22590-3 0  9993
2 47927  51.6426 246.3008 0001994 195.2025 164.8905 15.50498998  6451
STARS-EC                
1 47928U 98067SE  21114.83020510  .00013378  00000-0  23830-3 0  9999
2 47928  51.6421 246.3078 0005839 275.3575  84.6748 15.50427297  6432
MMSATS-1                
1 47976U 98067SJ  21114.91580427  .00004460  00000-0  87736-4 0  9997
2 47976  51.6434 246.1246 0001923 248.8224 111.2560 15.49440048  5244
SOYUZ-MS 18             
1 48159U 21029A   21114.11579102  .00002040  00000-0  45279-4 0  9993
2 48159  51.6443 250.1724 0002609 270.0731 261.1526 15.48927536280216
CREW DRAGON 2           
1 48209U 21030A   21114.29089448  .01231898  00000-0  19680-1 0  9999
2 48209  51.6516 249.3330 0004156 305.5736 122.5258 15.49872187   140
