ISS (ZARYA)             
1 25544U 98067A   21083.89642366  .00001325  00000-0  32280-4 0  9998
2 25544  51.6458  39.6291 0003151 145.1042 249.9106 15.48938267275534
KESTREL EYE IIM (KE2M)  
1 42982U 98067NE  21083.80850340  .00059372  00000-0  23924-3 0  9996
2 42982  51.6294 277.7213 0001611 123.6833 236.4325 15.85800373195288
DELLINGR (RBLE)         
1 43021U 98067NJ  21083.78264398  .00103507  00000-0  32904-3 0  9998
2 43021  51.6275 273.0482 0001100 291.1402  68.9486 15.90370466191110
TEMPEST-D               
1 43547U 98067NV  21083.03781918  .00216301  00000-0  92738-3 0  9999
2 43547  51.6351 329.1779 0001370 259.6980 100.3869 15.83940124153388
RADSAT-G                
1 43553U 98067PB  21083.80997567  .00530868  14996-3  63660-3 0  9991
2 43553  51.6335 286.2027 0005052 264.4344  95.6093 16.07701665154451
AEROCUBE 12A            
1 43556U 18046C   21082.85689293  .00004858  00000-0  17035-3 0  9999
2 43556  51.6403 201.8440 0007613 213.9795 146.0700 15.31250658150163
AEROCUBE 12B            
1 43557U 18046D   21083.50798226  .00003444  00000-0  12622-3 0  9997
2 43557  51.6408 200.1642 0007626 215.4337 144.6138 15.30740555150199
LEMUR-2-VU              
1 43558U 18046E   21083.84475084  .00007241  00000-0  23391-3 0  9993
2 43558  51.6393 190.6079 0006885 222.4836 137.5614 15.33145897150391
LEMUR-2-ALEXANDER       
1 43559U 18046F   21082.99633515  .00007346  00000-0  23562-3 0  9990
2 43559  51.6390 193.9631 0006810 218.9296 141.1197 15.33354092150056
LEMUR-2-YUASA           
1 43560U 18046G   21083.28842452  .00006555  00000-0  21326-3 0  9994
2 43560  51.6405 193.6380 0006895 234.4357 125.5983 15.33084311150308
LEMUR-2-TOMHENDERSON    
1 43561U 18046H   21083.28753988  .00006736  00000-0  22113-3 0  9996
2 43561  51.6405 194.3681 0007037 232.0554 127.9792 15.32746495149852
1998-067PN              
1 43638U 98067PN  21083.07442128  .00044231  00000-0  28215-3 0  9991
2 43638  51.6330 327.1352 0000947  66.9015 293.2084 15.75925344140574
STARS-ME                
1 43640U 98067PQ  21083.12364171  .00089573  00000-0  40725-3 0  9999
2 43640  51.6305 316.8033 0000131  31.4344 328.6666 15.83107626140716
ISS DEB (SEDA-AP)       
1 43870U 98067PU  21083.76657675  .00010200  00000-0  12444-3 0  9996
2 43870  51.6375 358.2137 0003814  27.4351 332.6843 15.61125270128389
CATSAT-2                
1 44029U 98067PV  21083.74388966  .00435735  90479-4  92085-3 0  9991
2 44029  51.6376 315.8729 0005899 216.7141 143.3465 15.98213415122681
UNITE                   
1 44031U 98067PX  21083.12965589  .00042401  00000-0  32057-3 0  9992
2 44031  51.6383 344.1696 0002242  82.2375 277.8878 15.71984789122225
CATSAT-1                
1 44033U 98067PZ  21083.36870910  .00362482  65237-4  77549-3 0  9999
2 44033  51.6366 317.8765 0005269 213.1701 146.8979 15.98023993122533
ISS DEB                 
1 44303U 98067QA  21083.51989812  .00012367  00000-0  16807-3 0  9995
2 44303  51.6406  19.2405 0004028 293.6603  66.3967 15.58014905103360
ISS DEB                 
1 44306U 98067QD  21083.44393498  .00013171  00000-0  17576-3 0  9997
2 44306  51.6389  19.3894 0005091 289.2054  70.8388 15.58434581103361
RAAVANA-1               
1 44329U 98067QE  21082.99397666  .00051447  00000-0  42812-3 0  9991
2 44329  51.6369   3.6179 0002753 342.0787  18.0112 15.69598938100702
UGUISU                  
1 44330U 98067QF  21083.79715088  .00049435  00000-0  41526-3 0  9999
2 44330  51.6344 359.9091 0002722 344.8858  15.2058 15.69388285100803
NEPALISAT-1             
1 44331U 98067QG  21082.98630265  .00050897  00000-0  42425-3 0  9996
2 44331  51.6347   3.4946 0002778 346.2140  13.8781 15.69563010100693
SPOOQY-1                
1 44332U 98067QH  21083.79378031  .00048205  00000-0  40960-3 0  9999
2 44332  51.6356 359.9155 0002319 357.7562   2.3425 15.69121492100772
RED-EYE 1 (PINOT)       
1 44364U 98067QJ  21083.22113965  .00012690  00000-0  17317-3 0  9994
2 44364  51.6408  21.7320 0005376 289.3455  70.6956 15.57871775 98899
IOD-1 GEMS              
1 44385U 98067QK  21083.70985502  .00637032  19523-3  11449-2 0  9999
2 44385  51.6298 342.0058 0006774 219.6749 140.3767 16.01022519 98519
KRAKSAT                 
1 44427U 98067QM  21083.79462529  .00031035  00000-0  33196-3 0  9996
2 44427  51.6417   9.7551 0001252 294.9431  95.1229 15.63594175 98210
VCC A                   
1 44428U 98067QN  21083.39981168  .00045350  00000-0  40064-3 0  9995
2 44428  51.6383   4.8995 0000543 295.2224  64.8716 15.68198411 98242
ENTRYSAT                
1 44429U 98067QP  21083.80930606  .00059873  00000-0  42881-3 0  9997
2 44429  51.6328 357.0102 0000801 212.2697 147.8252 15.73115108 98385
VCC C                   
1 44430U 98067QQ  21083.45967306  .00170820  00000-0  76980-3 0  9990
2 44430  51.6300 350.8676 0002340 183.8744 176.2241 15.83013878 97251
VCC B                   
1 44431U 98067QR  21083.05914073  .00046796  00000-0  40863-3 0  9995
2 44431  51.6354   6.3052 0000642 293.4244  66.6685 15.68469687 98136
ISS DEB                 
1 44788U 98067QT  21083.21427572  .00141591  00000-0  77017-3 0  9991
2 44788  51.6324   8.0644 0000421 163.5483 196.5532 15.79023597 77152
ISS DEB                 
1 44789U 98067QU  21083.27720553  .00121163  00000-0  78306-3 0  9998
2 44789  51.6349  10.7779 0000638 344.7284  15.3696 15.75207187 77111
RWASAT-1                
1 44790U 98067QV  21083.28734058  .00011231  00000-0  15478-3 0  9991
2 44790  51.6411  27.0687 0006121 345.2431 169.9080 15.57740778 76160
AQT-D                   
1 44791U 98067QW  21083.55477813  .00018110  00000-0  24439-3 0  9995
2 44791  51.6413  26.2484 0005254 316.3340  43.7236 15.57843896 76205
NARSSCUBE-1             
1 44792U 98067QX  21083.82053920  .00035770  00000-0  40431-3 0  9996
2 44792  51.6388  19.6919 0003293 349.0733  11.0189 15.62099482 76313
STPSAT-4                
1 45043U 98067QY  21083.29200492  .00010242  00000-0  16816-3 0  9992
2 45043  51.6412  37.9096 0004756 329.4967  30.5746 15.53037747 65269
HARP                    
1 45256U 98067QZ  21083.37984946  .00019071  00000-0  26940-3 0  9998
2 45256  51.6424  32.5473 0005724 321.3932  38.6650 15.56566669 62013
1998-067RA              
1 45257U 98067RA  21083.49964231  .00016346  00000-0  23885-3 0  9994
2 45257  51.6408  32.5607 0006387 325.1204  34.9368 15.55765588 62021
PHOENIX                 
1 45258U 98067RB  21083.58115439  .00014432  00000-0  21825-3 0  9999
2 45258  51.6408  33.0907 0004732 304.8811  55.1735 15.54944669 61997
1998-067RC              
1 45259U 98067RC  21083.14938997  .00026819  00000-0  35149-3 0  9990
2 45259  51.6405  31.7199 0005167 324.9524  35.1128 15.58359751 62003
CRYOCUBE                
1 45260U 98067RD  21083.24480038  .00034612  00000-0  44018-3 0  9996
2 45260  51.6402  30.8585 0005166 327.3316  32.7357 15.59021868 62032
AZTECHSAT-1             
1 45261U 98067RE  21083.31891378  .00035455  00000-0  42416-3 0  9994
2 45261  51.6386  28.3444 0004969 327.7879  32.2810 15.60619921 62054
RADSAT-U                
1 45262U 98067RF  21083.21364082  .00017028  00000-0  24624-3 0  9998
2 45262  51.6428  33.6868 0005811   1.4917 358.6091 15.56020055 61994
QARMAN                  
1 45263U 98067RG  21083.83785966  .00023796  00000-0  31422-3 0  9998
2 45263  51.6403  28.8146 0005094 323.1568  36.9074 15.58232027 62132
SORTIE                  
1 45264U 98067RH  21083.46795323  .00010538  00000-0  16894-3 0  9992
2 45264  51.6425  35.3635 0006645 327.5002  32.5578 15.53662667 61982
ICS-EF (ISS DEB)        
1 45265U 98067RJ  21083.29161912  .00006244  00000-0  11050-3 0  9993
2 45265  51.6419  39.3983 0004819 328.6591  31.4111 15.51714762 61592
PROGRESS-MS 14          
1 45595U 20026A   21082.48915716  .00002424  00000-0  52266-4 0  9999
2 45595  51.6456  46.5889 0003438 141.2753 321.4165 15.48937295275311
G-SAT                   
1 45597U 98067RK  21083.42699578  .00015793  00000-0  23182-3 0  9998
2 45597  51.6411  34.3368 0004552  28.6790 331.4451 15.55680983 51361
QUETZAL-1               
1 45598U 98067RL  21083.14545879  .00024728  00000-0  34587-3 0  9991
2 45598  51.6410  35.4541 0002914  57.8233 302.3041 15.56669043 51257
RED-EYE 2 (MERLOT)      
1 45800U 98067RM  21083.28314911  .00008645  00000-0  14664-3 0  9997
2 45800  51.6424  39.3633 0001401  19.9782 340.1263 15.52356851 43456
RED-EYE 3 (CABERNET)    
1 45809U 98067RN  21083.34789545  .00008638  00000-0  14651-3 0  9990
2 45809  51.6424  39.0459 0001323   5.9028 354.1977 15.52358572 42446
DEMI                    
1 45916U 98067RP  21083.22889572  .00022601  00000-0  32708-3 0  9996
2 45916  51.6420  36.7667 0001127 257.9715 102.1150 15.55802545 39458
SOYUZ-MS 17             
1 46613U 20072A   21082.48915716  .00002424  00000-0  52266-4 0  9992
2 46613  51.6456  46.5889 0003438 141.2753 321.4165 15.48937295275313
CREW DRAGON 1           
1 46920U 20084A   21082.48915716  .00002424  00000-0  52266-4 0  9996
2 46920  51.6456  46.5889 0003438 141.2753 321.4165 15.48937295275314
SPOC                    
1 46921U 98067RR  21083.42228003  .00013353  00000-0  21935-3 0  9995
2 46921  51.6430  39.5544 0002880 109.9935 250.1365 15.52726424 21639
BOBCAT-1                
1 46922U 98067RS  21083.25338289  .00018054  00000-0  28371-3 0  9999
2 46922  51.6437  39.9343 0002656 109.2440 250.8838 15.53697412 21584
NEUTRON-1               
1 46923U 98067RT  21083.17371898  .00012390  00000-0  20499-3 0  9994
2 46923  51.6429  40.8928 0002667 119.4088 240.7168 15.52605028 21630
1998-067RU              
1 46924U 98067RU  21083.24753967  .00030105  00000-0  43732-3 0  9993
2 46924  51.6415  39.1339 0002254 133.7493 226.3685 15.55529876 21637
LEMUR-2-BAXTER-OLIVER   
1 46925U 98067RV  21083.22627189  .00030411  00000-0  43666-3 0  9994
2 46925  51.6434  39.0078 0002174 133.1824 226.9349 15.55841335 21596
LEMUR-2-DJARA           
1 46926U 98067RW  21083.37006312  .00027452  00000-0  40026-3 0  9998
2 46926  51.6433  38.4659 0002104 120.0417 240.0783 15.55480220 21625
DESCENT                 
1 46927U 98067RX  21083.24176680  .00012867  00000-0  21279-3 0  9994
2 46927  51.6428  40.5954 0002524 137.6191 222.4994 15.52577764 21558
PROGRESS-MS 16          
1 47618U 21011A   21082.48915716  .00002424  00000-0  52266-4 0  9992
2 47618  51.6456  46.5889 0003438 141.2753 321.4165 15.48937295275319
CYGNUS NG-15            
1 47689U 21013A   21082.48915716  .00002424  00000-0  52266-4 0  9992
2 47689  51.6456  46.5889 0003438 141.2753 321.4165 15.48937295275317
ISS DEB                 
1 47853U 98067RZ  21083.37251581  .00002658  00000-0  56115-4 0  9996
2 47853  51.6444  42.2079 0003272 128.8778 231.2503 15.49148800  2077
RSP-01                  
1 47925U 98067SB  21083.17551521  .00013769  00000-0  25023-3 0  9999
2 47925  51.6437  43.1429 0003172  80.8136 279.3211 15.49836330  1544
TAUSAT-1                
1 47926U 98067SC  21083.23865742  .00017235  00000-0  30823-3 0  9996
2 47926  51.6436  42.8149 0004526  81.1571 278.9930 15.50094678  1546
TSURU                   
1 47927U 98067SD  21083.17546662  .00012481  00000-0  22763-3 0  9999
2 47927  51.6437  43.1427 0003202  79.1688 280.9661 15.49833859  1541
STARS-EC                
1 47928U 98067SE  21083.17570163  .00011294  00000-0  20698-3 0  9999
2 47928  51.6431  43.1433 0006338 148.3146 211.8225 15.49795324  1525
MMSATS-1                
1 47976U 98067SJ  21083.84134262  .00004447  00000-0  88381-4 0  9998
2 47976  51.6444  39.9000 0003328 126.1555 323.3352 15.49148827   427